	A	R	N	D	C	Q	E	G	H	I	L	K	M	F	P	S	T	W	Y	V
A	-1.127747083929269	0.0031307702755	0.0027805983552119996	0.025678463283749998	0.0059189680805	0.01000096342553	0.05815779863069301	0.125187939751328	0.001835000796852	0.002814575701441	0.013577820885503999	0.009101864012764001	0.010908171813587999	0.004467345457108	0.062192042596162	0.31457606348303296	0.22744067517105	0.00020485132776799998	0.001039495421721	0.248733675459765
R	0.004644885175273001	-0.9528397322374239	0.012555483055338	0.00090500057716	0.0313444013112	0.12448901512940198	0.00187580989057	0.055055567548815	0.093003019888932	0.008750699160933	0.02489499938676	0.45746213121925006	0.013926964686998998	0.0008101527166359999	0.015697148164021	0.061217488450268004	0.0313653507684	0.009960915928383999	0.001687225947777	0.003193473231306
N	0.005378498749614	0.0163693885035	-1.333683030743144	0.30005007295533	0.0046585324065	0.024045091267967	0.013936764142478	0.058994143290189004	0.119458335185028	0.027783550209725	0.0008906035439040001	0.21898638396627002	0.003678616592382	0.0014667726830199998	0.000753479598969	0.38148202814885596	0.12775521642014998	6.851210669e-05	0.0231879673299	0.004739073642672
D	0.036167074059750004	0.000859150844	0.21848180328699598	-0.8893163239238211	0.0008189654094999999	0.0038020877332899995	0.47844660372401504	0.07241840865490899	0.024032977397028	0.000447276545965	0.0008166379900559999	0.0012333266533260002	0.000221973294528	0.0005231858555439999	0.0029988188549020006	0.023802290470399	0.005040297406649999	4.284519586e-06	0.007867570706277	0.011333590517100001
C	0.039244853583655	0.140078961612	0.01596845966667	0.0038552977839249997	-1.22919376982589	0.003942858866793	0.000296329892619	0.073089732411976	0.06415037454294001	0.015758460146354	0.039768893661264	7.336421306000001e-06	0.002975705231232	0.12207579049724798	0.003095754214426	0.473995064577779	0.01864915771455	0.035464489776544	0.133586836407501	0.043189412817108
Q	0.01998192439081	0.167649677699	0.024836997391222	0.005393532013449999	0.0011881464891	-1.0121267698156091	0.25188718431928503	0.011326386740610999	0.172502348500224	0.001347680955185	0.073152726649152	0.17237527955707602	0.008589656764836	4.774025797999999e-06	0.051656167002127	0.025732999604985003	0.014397317917949997	0.00217436279248	0.001137688270695	0.006791918731622999
E	0.063598977519703	0.001382633945	0.007879185297603999	0.371476465562725	4.88743419e-05	0.137864602700055	-0.7699656593130949	0.053305537220432	0.0024926463767160002	0.000636320933286	0.003002420985576	0.07852199130815	0.0027282256186829997	0.000150143223032	0.0038631221049910004	0.009466770885545	0.0093433554126	0.00016149569305799999	0.000629212436034	0.023413677748005
G	0.157302161939872	0.0466283086725	0.038322893088738	0.06460659178556499	0.013851342114399997	0.007123084783506999	0.061249472077808	-0.5748249952062959	0.0027090264326400004	0.000675480161933	0.001373726011728	0.010107101131826	0.001628210551458	0.0007217854776539999	0.002376631991857	0.134445158384179	0.0059274360717	0.00241836580893	0.000390859128555	0.022967359591446
H	0.006483859870898999	0.22149842031650002	0.218218220857238	0.060292125666615	0.0341869096555	0.305068174231744	0.008054078532727	0.007617955060320001	-1.2675961086405532	0.004380622225542001	0.068272228298112	0.002735900123386	0.0013465680729539999	0.013337252778614	0.04262846178133	0.037789023202703	0.0055619718395999995	0.00082413306532	0.224188259184111	0.005111943877338
I	0.0035747225047730005	0.0074911479315000005	0.018242918984649997	0.00040333060742500003	0.0030186062222000002	0.000856684716965	0.0007390323286980001	0.0006827627200010001	0.0015745912710480002	-1.544936216476335	0.325808037773856	0.009679093999188001	0.13731058569358798	0.055218377685153995	0.0013475669357810001	0.013933710425307002	0.12212637927764998	1.3431103219999999e-06	0.0016571675907269998	0.8412701566975019
L	0.009924403674048	0.012264862532500002	0.000336539429384	0.000423798660355	0.0043841069457999995	0.026761434642711995	0.002006798456497	0.000799102092614	0.014122808171712001	0.187502360457324	-0.737803658417123	0.0014986118389000002	0.114314733082431	0.13435206304845998	0.020733022495660003	0.04641811634305	0.0042886105119	0.007174094397802	0.002606789894445	0.14789140174152898
K	0.010131919255762	0.3432359318125	0.12602470205552999	0.000974754276345	1.2317113e-06	0.09603750940645399	0.07993012793057501	0.008953973184966999	0.000861914631924	0.008483336316318	0.0022823181876	-0.7798063120500092	0.022309791020094	0.000185327820756	0.002194429039316	0.017682916623955	0.05611677486524999	2.7493487144e-05	0.000505758502554	0.003866101921665
M	0.036532696651444	0.0314385461845	0.006369296638027999	0.00052782036576	0.0015030829695999999	0.014398262886084	0.008355411998249001	0.004339784120146	0.001276323339096	0.362079869502948	0.523790505559944	0.06712184499568401	-1.488398038734823	0.016086138725176	0.0018178305621360002	0.014486025454622	0.1940690005551	0.002829290695968	0.002056044527883	0.19932026300245498
F	0.007642059538858	0.000934122841	0.0012971819056599998	0.0006354370424599999	0.031495877268799995	4.087428498999999e-06	0.00023486831909200003	0.000982645387371	0.006456986801172001	0.074372969496893	0.31443499408008	0.00028480008913200005	0.008216425622651999	-0.8079624249794629	0.0018330511465620002	0.048476962557681	0.0029999671383	0.007363795432266	0.251915841831369	0.048380351051616
P	0.125802921445834	0.0214019272195	0.0007879607653139999	0.0043068702985100005	0.0009444645541999999	0.05229770259490699	0.0071458215604970005	0.003826005987701	0.024403841993879998	0.002146232919589	0.05737783789776	0.003987641159864001	0.001097942371704	0.002167552420884	-0.567986096015607	0.199292921280952	0.051040541295149996	0.00012065168857399999	0.001001318646057	0.00883593991473
S	0.279084704791409	0.036606827234	0.17496921147550398	0.014992869730055002	0.0634231001377	0.011426291603265	0.007680156228835001	0.094925595421883	0.009488087151012	0.009733022838087002	0.0563408674572	0.01409298156673	0.0038373361528619998	0.025141135168337995	0.087407023141528	-1.183287049852471	0.27444989650485	0.002671972074656	0.012490014224784	0.004525956949773
T	0.35612408998621903	0.033102407812	0.10341631249358599	0.005603314953955	0.0044040853119	0.011282863628112998	0.013378083790668002	0.007386316209974	0.002464703257824	0.150561279832139	0.009187037239535999	0.07893407835069	0.090731820510306	0.002745926033924	0.039508685664181004	0.48437969090347105	-1.469794156558415	1.3431103219999999e-06	0.0015878925031829999	0.074994224966424
W	0.001245583187012	0.040823425936	0.00021536665642999997	1.8496593035e-05	0.0325230266576	0.0066171425381599995	0.0008979511782570001	0.011702637403754998	0.00141818840424	6.430077991e-06	0.059679708825864	0.00015017664711200002	0.005136671170224	0.026174282774093997	0.000362669850113	0.018312831819248	5.2156978499999995e-06	-0.22350286770452102	0.016144250255691	0.002068812031845
Y	0.002530529794379	0.0027684605505	0.029182919925799997	0.013598317695694999	0.04904738120689999	0.001386170596965	0.0014006963521460002	0.000757245906305	0.15445585494817202	0.003176332109841	0.00868201550964	0.001106039632612	0.001494485236809	0.358495306252406	0.001205050567999	0.034272157497392	0.0024687479701499997	0.006463575125926	-0.6827560163845778	0.010264729504940999
V	0.241719822645135	0.002091785649	0.002380939316384	0.0078198937385	0.0063302121332	0.0033035028667409995	0.020806792787645	0.017763009589986	0.001405938726216	0.643700375030706	0.19662840634672799	0.0033751229741700002	0.057836149313565	0.027484371834943996	0.00424496904551	0.004957671379759	0.04654491957719999	0.00033064713097	0.004097663721981	-1.2928221938083404
