	A	R	N	D	C	Q	E	G	H	I	L	K	M	F	P	S	T	W	Y	V
A	-1.247831	0.029789	0.022881	0.041484	0.011019	0.02308	0.064507	0.130105	0.006155	0.01923	0.027395	0.020405	0.012784	0.00598	0.098117	0.258271	0.276406	0.001275	0.003509	0.195438
R	0.044229	-1.025965	0.019068	0.008194	0.022234	0.125524	0.017816	0.099578	0.074775	0.011752	0.0347	0.376625	0.010416	0.001993	0.037426	0.069009	0.037242	0.017854	0.006379	0.011149
N	0.041179	0.023112	-1.280568	0.270413	0.00669	0.034823	0.035632	0.058874	0.089138	0.025106	0.010958	0.153332	0.007102	0.003987	0.007586	0.343678	0.135003	0.001134	0.022328	0.010493
D	0.061769	0.008218	0.223727	-1.044903	0.001968	0.019841	0.471205	0.09449	0.025533	0.005876	0.006392	0.015158	0.003551	0.001595	0.007586	0.040312	0.022112	0.000567	0.014673	0.020331
C	0.042704	0.058038	0.014407	0.005121	-0.56571	0.003644	0.003072	0.042884	0.01573	0.009081	0.021003	0.004081	0.007339	0.031098	0.007081	0.152366	0.02444	0.016295	0.066664	0.040662
Q	0.043467	0.159218	0.03644	0.025095	0.001771	-1.04415	0.198435	0.018898	0.1361	0.004808	0.065748	0.170239	0.01018	0.001595	0.082944	0.036213	0.029677	0.002551	0.007655	0.013117
E	0.08007	0.014895	0.024576	0.392816	0.000984	0.130788	-0.944343	0.086495	0.005927	0.00641	0.008219	0.105525	0.004261	0.001993	0.009104	0.020498	0.018621	0.001417	0.002233	0.029512
G	0.136501	0.070364	0.034322	0.066579	0.011609	0.010528	0.073107	-0.647831	0.005243	0.003205	0.005479	0.015741	0.003314	0.001993	0.012138	0.137334	0.019203	0.007793	0.002552	0.030824
H	0.02059	0.168463	0.165676	0.05736	0.013577	0.241735	0.015973	0.016717	-1.135695	0.008547	0.051137	0.026235	0.007812	0.015948	0.058162	0.049878	0.026768	0.001134	0.182769	0.007214
I	0.027453	0.011299	0.019915	0.005634	0.003345	0.003644	0.007372	0.004361	0.003648	-1.273602	0.209115	0.012243	0.113397	0.035484	0.005058	0.02733	0.142567	0.001275	0.010207	0.630254
L	0.022877	0.019517	0.005085	0.003585	0.004526	0.029154	0.005529	0.004361	0.012767	0.122326	-0.668139	0.008162	0.091854	0.098877	0.051587	0.040312	0.014548	0.007368	0.007655	0.11805
K	0.02669	0.33179	0.11144	0.013316	0.001377	0.118235	0.111197	0.019625	0.010259	0.011218	0.012784	-0.900734	0.015388	0.001595	0.010621	0.032113	0.059936	0.001417	0.002552	0.009182
M	0.041179	0.022599	0.012712	0.007682	0.0061	0.017411	0.011058	0.010176	0.007523	0.25587	0.354309	0.037896	-1.182051	0.017144	0.008092	0.019814	0.131511	0.003401	0.005741	0.211834
F	0.011439	0.002568	0.004237	0.002049	0.015348	0.00162	0.003072	0.003634	0.009119	0.047542	0.226465	0.002332	0.01018	-0.637182	0.008598	0.06286	0.006983	0.00751	0.170967	0.040662
P	0.14794	0.038007	0.006356	0.007682	0.002755	0.066406	0.011058	0.017444	0.026217	0.005342	0.093143	0.012243	0.003788	0.006778	-0.727675	0.194728	0.068665	0.00085	0.00319	0.015084
S	0.288253	0.051874	0.213134	0.030217	0.043878	0.021461	0.01843	0.146096	0.016642	0.021367	0.053877	0.027401	0.006865	0.03668	0.144141	-1.447863	0.27757	0.004959	0.020095	0.024922
T	0.362223	0.032871	0.098304	0.019462	0.008264	0.020651	0.019659	0.023986	0.010487	0.130873	0.022829	0.06005	0.053503	0.004784	0.059679	0.325913	-1.335389	0.0017	0.006698	0.073453
W	0.006863	0.064714	0.00339	0.002049	0.022628	0.007288	0.006143	0.039976	0.001824	0.004808	0.047485	0.00583	0.005682	0.021131	0.003035	0.023914	0.006983	-0.312785	0.022647	0.016396
Y	0.008388	0.010272	0.029661	0.023559	0.041124	0.009718	0.0043	0.005815	0.130629	0.017094	0.021916	0.004664	0.004261	0.213701	0.005058	0.043045	0.01222	0.010061	-0.605978	0.010493
V	0.227247	0.008731	0.00678	0.015877	0.012199	0.008098	0.027646	0.034162	0.002508	0.513342	0.16437	0.008162	0.076466	0.024719	0.011632	0.025964	0.065174	0.003542	0.005103	-1.241722
