	A	R	N	D	C	Q	E	G	H	I	L	K	M	F	P	S	T	W	Y	V
A	-1.1171504619932122	0.02545459584053975	0.020916464928973123	0.04424357085685605	0.020811755364152754	0.035023440072619615	0.09644886610592537	0.12378448654087995	0.008127020887855925	0.00983413629632821	0.036002402311430017	0.05899779077164574	0.018288408561734696	0.008490243366112527	0.06909219016990281	0.24593305444632624	0.1358225869857663	0.00170810633399247	0.008912200973936388	0.14925914117823413
R	0.05014732518454228	-0.9743178732096688	0.02606500825101473	0.00881904275992401	0.010703168209171218	0.11700845956125462	0.02675944953247615	0.05108451692883814	0.05479868589915663	0.009510833374976865	0.045028087809536425	0.3483770834040821	0.013983213992957773	0.004142832510080021	0.03263521129356441	0.08931698086283871	0.03550113285899347	0.01757311415997557	0.014124654803783714	0.01873907181250198
N	0.0463539842571283	0.02932075045443572	-1.4524376593937451	0.3250576165045526	0.005375100269584147	0.059502203431769096	0.05771625427412599	0.09834467408588347	0.10144327400321661	0.028191648508194386	0.011900340452653875	0.19608164916675	0.00405726117801939	0.0038786836280200365	0.009369555142702591	0.28996007552301484	0.12999231578575593	0.001085813783686778	0.04020458287201661	0.014601876072234803
D	0.06718767487182317	0.006797971223459658	0.2227414308081335	-0.9896644153644124	0.0006138904498183822	0.023774939454313724	0.3762142535025809	0.07562953229854949	0.02386347322269541	0.0020059939127333158	0.007672927452596985	0.031238528345161807	0.0021236754746682936	0.0018848635523852693	0.020363548821379914	0.07819567829303949	0.024004068574004302	0.001959250038832179	0.012058080010890794	0.011334635057345825
C	0.09337566488726258	0.02437562604199737	0.01088210176601594	0.0018137458487727546	-0.4873567847129998	0.0038091023739344762	0.0013010558101486046	0.026795332617198752	0.006383893702213146	0.008654050113925569	0.03476937330096253	0.004819601929026216	0.007992530858563763	0.016054075957414978	0.005254570208437696	0.10270296382210567	0.032848279420825105	0.01082647688045027	0.020133129757861332	0.07456520941588306
Q	0.08260724252729883	0.14008609167987152	0.06332768182470085	0.0369265983991895	0.0020024282991892334	-1.379785055906751	0.33327490267579096	0.028837961877993187	0.11010532021918325	0.005794477484515586	0.07866929566204585	0.25355772900474255	0.03162895660876619	0.00403029021889772	0.04482897064631923	0.07506642114406167	0.054936330698325174	0.003257243564446567	0.00843000512503398	0.02241710824637941
E	0.14390838834592962	0.020266772447325755	0.03885870641405573	0.3696449590412509	0.00043267311938716076	0.21082993224065075	-1.2368934668087195	0.04960370245745719	0.014616017092701382	0.00648004651755105	0.013957349151874467	0.16824621981866716	0.006450075276898928	0.003272523474502063	0.032772862551446964	0.05143239462213273	0.05268471261808393	0.0023637312130930775	0.007267293030870604	0.043805107374840085
G	0.1288043035900088	0.026981859592163423	0.04617599022739128	0.0518222336685091	0.006214387233745697	0.012722410177931548	0.03459308267938064	-0.4976152556195148	0.00639512446487549	0.0015488682009818378	0.0055466128961693135	0.02431860076806943	0.0035635435755705792	0.0020139592649356494	0.01169843575800857	0.09789927320217796	0.014460929554222346	0.0050878417150414515	0.0038355023976725674	0.013932296652659163
H	0.02881658989783983	0.09862790012638359	0.16230641491944087	0.055719270621538024	0.005045124198204393	0.16552370162628202	0.03473371759928617	0.02179194815359483	-0.9923422525879849	0.007029142652854348	0.04519013322762765	0.05796706353260697	0.008272108352525384	0.027402325604906713	0.033437728693410725	0.05400277768015298	0.030307613079223656	0.003964323159556176	0.14339782640864088	0.00880654305390972
I	0.01757748887188319	0.00862894328321881	0.02273747833937634	0.0023610804141307984	0.003447585292569061	0.004391122611707938	0.007762645416536225	0.002660546892553538	0.00354333126098049	-1.2331622305527732	0.2869018198798116	0.021081441500183262	0.08714327530872325	0.0427335607622794	0.004799485351951746	0.02330636287408425	0.09337142507421349	0.003208113973515438	0.015555027242481784	0.5819514962025727
L	0.03617734235630071	0.022967150496594736	0.005395923489310494	0.005077229915973277	0.007787123221709154	0.03351591780446573	0.009399811373218162	0.005356349192187688	0.012806710458584829	0.16129387421609054	-0.726010985816061	0.01676681324137114	0.09935388734457842	0.08531505914990563	0.01997259235272536	0.02515217953559019	0.020914825259635266	0.010044978184633981	0.014757155078524417	0.13395606314466132
K	0.08239513255477393	0.24696409577911316	0.12356741917339352	0.028728763397893712	0.0015002097439770102	0.1501354798699162	0.15747881544690698	0.03263925491504181	0.02283157639031319	0.016471968474991893	0.023302963515626097	-1.1245802668478262	0.01912310877432383	0.003583186502570014	0.026747185941995894	0.07056186678691806	0.08881350410752772	0.0020760800248878276	0.004933539163772027	0.022726116283883317
M	0.0812342100347694	0.031527423674585525	0.008131997369188428	0.006211718368225952	0.007912657596690582	0.05956464905999813	0.019201663128384644	0.015211812571832966	0.010362583682928693	0.2165590395746528	0.4391801788515827	0.06082130499464295	-1.3220983568797875	0.048023879345703714	0.008228769142274706	0.03603534045618765	0.09708282011817397	0.007786239957200116	0.015861078150955967	0.1531609908018086
F	0.019137538172592547	0.004740037082039625	0.003945040859523635	0.0027977339093870693	0.008065406284117541	0.0038516155118195395	0.004943786623970395	0.00436267095648588	0.01741975904264836	0.053890771882332995	0.1913755482881204	0.0057832176471450635	0.024370257825282016	-0.7136693958849204	0.00775400198101546	0.0398311607507253	0.011007590445858152	0.02309483327347672	0.2389425737930012	0.04835585155537856
P	0.13078902742207857	0.03135791742693599	0.008003179172633816	0.025383784727662662	0.002216943141318515	0.03597839562431472	0.04157839721496586	0.021281684021374814	0.017851220328765436	0.005082956728624008	0.03762457556712942	0.03625389228268379	0.00350682571659352	0.0065118191017258025	-0.6055894729388479	0.11770501220104759	0.05093140503184028	0.002104766632991437	0.007998194577502487	0.023429476018659235
S	0.30646299797995774	0.05649546782196735	0.16304240168574333	0.06416592399647095	0.028524571151954416	0.039659526861732186	0.04295452331164983	0.11724017429716778	0.018978681207820165	0.016248565952874976	0.031191164370380792	0.06296009819311321	0.01010943130208034	0.022020043569437504	0.07748430611191881	-1.3922386813370853	0.28034095463008735	0.007907569211263595	0.029135106158560742	0.01731717352290419
T	0.19284551385439858	0.025585752049584118	0.08328301531772446	0.022443105979753932	0.010395016273684117	0.03307027958967816	0.050134094400380136	0.01973193146774701	0.01213606982517471	0.07417045119535493	0.02955198132205093	0.09029230505917939	0.031032508246950415	0.006933681270558029	0.03820153806687149	0.3194206198034007	-1.1549728569687168	0.0016738484846308434	0.010778530289154596	0.10329261447244031
W	0.010285742615371045	0.05371405166464702	0.0029503756675665718	0.007769108251147687	0.014530578574323312	0.008315945985954996	0.009539593221685795	0.02944355103902348	0.006732534523948088	0.010808114323080183	0.06019557513392356	0.008951566285860258	0.010555662281350957	0.06169779595874641	0.006695489743585764	0.038212249888550695	0.007099035544403635	-0.4666937219807331	0.09201111254537878	0.0271856387321849
Y	0.021886967096349855	0.017607467243253634	0.04455304505041662	0.01950021205383159	0.011020134907066215	0.008777465434588466	0.011961463033889168	0.00905229540317164	0.09931891627130957	0.021372276347418853	0.03606600807855348	0.0086754774700475	0.008769407920084621	0.26033239880012143	0.010376484180213983	0.05741905972127532	0.01864329268907878	0.03752495206033204	-0.7262751180407051	0.023417794279702312
V	0.18238093698443839	0.011622646056163385	0.008050973185049779	0.009120247100099278	0.02030718620563176	0.011613383529920723	0.03587354290767133	0.0163605184872947	0.003034818737876321	0.39783655424249015	0.16289047906552886	0.019883732933023836	0.04213312046601527	0.026213294638752663	0.015123723531354619	0.016980652357098343	0.08889354627117423	0.005516419640109382	0.01165155466603111	-1.085487331005724
