	A	R	N	D	C	Q	E	G	H	I	L	K	M	F	P	S	T	W	Y	V	-
A	-1.0063272	0.03744761	0.016868506	0.045274064	0.016351303	0.037766673	0.08871086	0.10037463	0.009852754	0.0121031925	0.03146075	0.036556117	0.014032395	0.007395235	0.05727081	0.20675808	0.11490488	0.0020593898	0.0058377963	0.13138764	0.033914514
R	0.060776766	-0.90416247	0.027396757	0.019779498	0.0083243735	0.113593556	0.047361918	0.035162527	0.05612436	0.008981317	0.040490683	0.282305	0.009288044	0.0043401574	0.020775132	0.054582935	0.043567564	0.0064296476	0.009280669	0.018605467	0.036996104
N	0.038900513	0.038928203	-1.123655	0.23365423	0.005787592	0.056612767	0.06143643	0.07805148	0.07257735	0.014765502	0.013353109	0.12776843	0.0070108017	0.006722587	0.011321636	0.18397737	0.09146064	0.0012738031	0.020423623	0.0113021685	0.048326686
D	0.069780156	0.018783832	0.15616271	-0.9266639	0.0010242262	0.03514164	0.3268076	0.06890923	0.02131526	0.0027260208	0.005896603	0.033105046	0.0018469918	0.0022340193	0.021723457	0.068585716	0.03400019	0.0009128112	0.0063121514	0.0075805904	0.043815713
C	0.11417312	0.03581373	0.017523896	0.0046400744	-0.65168667	0.008105792	0.0031852901	0.026691813	0.014045012	0.019556323	0.043692265	0.00639836	0.010998443	0.027314236	0.0039756284	0.12297974	0.043930843	0.0061447257	0.031923696	0.07346211	0.03713157
Q	0.098312706	0.18219697	0.063905254	0.0593527	0.0030219336	-1.4163247	0.29512143	0.032823034	0.09524366	0.011009267	0.06952863	0.21742924	0.024265423	0.0052176346	0.035446323	0.07424435	0.06253429	0.0036573128	0.012302189	0.024625111	0.046087336
E	0.13124649	0.043174446	0.039414696	0.3137044	0.00067491404	0.16773002	-1.1280825	0.043526422	0.0151557755	0.007619796	0.016519535	0.121656105	0.0058535472	0.0029144424	0.028414903	0.056609176	0.05240736	0.0015902674	0.0057592755	0.028486047	0.04562505
G	0.121240355	0.026169162	0.04088139	0.05400304	0.0046173185	0.01523004	0.035535734	-0.4950651	0.007727365	0.0020830503	0.005664347	0.020462366	0.0024296865	0.0027106607	0.0115411775	0.07618396	0.01600618	0.0018603816	0.0025156057	0.0069947876	0.041208535
H	0.03860655	0.13550062	0.12331779	0.054189052	0.007881593	0.14336348	0.040139373	0.025067529	-0.9882167	0.00839252	0.03891431	0.046313014	0.0069555957	0.029918473	0.020777205	0.05193436	0.030832903	0.006548741	0.12784922	0.0154262185	0.036288124
I	0.01865611	0.008529975	0.009869399	0.0027262638	0.004317148	0.0065189647	0.007938777	0.0026582615	0.003301492	-1.1772001	0.29340997	0.015942348	0.07321889	0.035729222	0.005153903	0.011129422	0.057396755	0.0018538	0.009205771	0.57989365	0.029750122
L	0.029572746	0.023451153	0.005442849	0.003596185	0.005881873	0.02510645	0.010495653	0.0044080773	0.009335307	0.17892715	-0.70155555	0.013342235	0.09896144	0.07331392	0.0128321545	0.01558566	0.019915158	0.0060182367	0.01281454	0.12074252	0.03181224
K	0.06922565	0.3293912	0.10491842	0.04067417	0.0017352583	0.15816994	0.1557148	0.032080382	0.022382399	0.019585652	0.02687899	-1.2430762	0.018396372	0.004170179	0.024590423	0.06817864	0.08341078	0.0016745194	0.008454981	0.022441737	0.0510017
M	0.059890784	0.024425248	0.012975291	0.005114589	0.006722764	0.039784614	0.016886372	0.008585294	0.007576335	0.20273566	0.44933644	0.041462302	-1.209885	0.049872007	0.0069105322	0.024695981	0.07971948	0.006404399	0.014293992	0.1157926	0.036700226
F	0.016766155	0.0060628043	0.006609053	0.0032861396	0.008868682	0.004544167	0.0044660755	0.00508784	0.017310819	0.05255135	0.17682572	0.0049926285	0.026491722	-0.6697403	0.0052765245	0.021292038	0.010557346	0.021681326	0.20782834	0.037449438	0.03179213
P	0.11950664	0.026710935	0.010244464	0.029410692	0.0011881002	0.02841378	0.04007689	0.019938186	0.011064773	0.0069770813	0.028486282	0.027096791	0.0033786413	0.0048565203	-0.5516986	0.08058715	0.03772521	0.0016099672	0.003723869	0.021756185	0.0489465
S	0.3154378	0.051309124	0.121712975	0.067889474	0.026870348	0.043512467	0.05837502	0.09622579	0.020221	0.011015461	0.025296118	0.05492785	0.008827736	0.014328043	0.058919393	-1.3367931	0.2759184	0.0036591655	0.014035307	0.019327413	0.04898432
T	0.19007754	0.044406045	0.06560664	0.036491457	0.010407593	0.039738327	0.05859676	0.021920815	0.013016773	0.06159684	0.03504721	0.07286307	0.030897873	0.0077031	0.029906468	0.29917252	-1.1851574	0.0020937817	0.00864054	0.11510872	0.041865367
W	0.012971529	0.024953201	0.0034791739	0.0037303632	0.0055429838	0.008849398	0.0067703603	0.009701332	0.010527058	0.0075752027	0.04032731	0.0055697514	0.009451544	0.060236104	0.0048597157	0.01510718	0.007972449	-0.33805722	0.05886276	0.011003621	0.030566176
Y	0.01623372	0.015901385	0.024627663	0.011388435	0.012713666	0.013141671	0.010824952	0.005791465	0.09073271	0.016607646	0.03790963	0.012415804	0.009313104	0.2549132	0.0049625486	0.025582314	0.014525053	0.02598706	-0.65552217	0.018550253	0.033399843
V	0.16625214	0.0145057365	0.0062014856	0.0062234798	0.013312653	0.011969885	0.02436318	0.0073276376	0.0049816	0.4760361	0.16253631	0.014995545	0.034329332	0.020901453	0.013192791	0.016030064	0.08804986	0.0022105265	0.008440991	-1.1233699	0.031509154
-	0.017482808	0.011750818	0.010802738	0.0146545665	0.0027413054	0.009126541	0.015897103	0.017586907	0.0047740475	0.0099493135	0.017446054	0.013883637	0.0044326773	0.0072287577	0.01209173	0.016551275	0.013046325	0.0025015783	0.0061915712	0.012836588	-0.22097635
